BB  28  22  20  34  34  43  54  84  77  71  119  122
BIM  18  24  41  29  30  45  39  46  102  97  155  82
GCU  100  54  89  113  83  75  60  53  37  22  14  8
GE  39  39  49  54  46  47  59  72  69  81  50  102
GEN  86  77  63  71  71  86  78  65  50  35  18  7
GI  92  63  80  92  98  62  62  47  33  30  18  30
GMD  58  105  94  97  67  64  73  38  44  38  23  7
GMC  90  108  89  63  69  58  45  54  36  43  38  15
GMPP  16  33  34  36  51  49  61  75  76  78  68  131
IF  99  55  44  34  42  49  46  43  52  64  75  105
SGM  47  48  62  55  75  92  73  80  61  69  27  19
TC  31  83  44  29  43  38  56  49  71  81  103  80